function [p_s,p_n]=CreateData()

   %%%  Image pixel Data skin and non skin  %%%   
                     %R  %G  %B
   Skin_RGB_Data =  [88 67 66;...
                    70 54 61;...
                    99 75 68;...
                    92 72 71;...
                    61 48 54;...
                    64 49 51;...% 1
                    101 78 70;...
                    164 124 94;...
                    75 64 64;...
                    93 71 66;...
                    96 74 65;...
                    142 101 75;...
                    131 92 67;...% 3
                    53 41 35;...
                    63 62 48;...
                    101 75 62;...
                    62 59 48;...% 5
                    87 57 56;...
                    88 68 59;...
                    129 102 81;...
                    76 58 61;...
                    53 51 53;...
                    131 96 76;...
                    94 65 64;...
                    84 63 59;...
                    148 124 112;...
                    140 118 97;...% 7
                    88 67 64;...
                    125 90 72;...
                    66 48 56;...
                    130 100 96;...
                    157 119 96;...
                    90 77 69;...
                    126 97 90;...
                    81 68 74;...% 9
                    51 42 41;...
                    70 61 70;...
                    78 64 61;...
                    67 56 60;...
                    69 66 63;...
                    123 113 105;...
                    92 73 60;...
                    110 99 87;...
                    87 69 68;...
                    96 80 81;...% 11
                    38 37 35;...
                    99 85 61;...
                    43 40 33;...% 13
                    112 81 57;...
                    99 73 60;...
                    88 62 53;...
                    132 108 83;...
                    72 54 52;...% 15
                    87 72 69;...
                    102 84 75;...
                    139 107 92;...
                    93 84 79;...
                    89 70 70;...
                    82 76 62;...
                    110 93 74;...
                    97 80 66;...
                    96 80 65;...
                    86 70 59;...
                    65 57 56;...% 17
                    86 73 62;...
                    63 60 50;...
                    66 58 44;...
                    68 60 55;...
                    96 81 65;...% 19
                    67 64 49;...
                    95 87 72;...
                    68 69 49;...
                    87 82 64;...
                    74 69 55;...% 21
                    ]'/255; % disease kind 1 of leaf         
                  
   nonSkin_RGB_Data=[158 133 110;...
                    162 134 114;...
                    126 107 81;...
                    119 109 94;...
                    130 111 87;...
                    114 100 75;...
                    122 102 87;...% 1
                    126 103 75;...
                    127 117 82;...
                    98 78 60;...
                    100 85 65;...
                    123 108 79;...
                    130 109 83;...% 3
                    122 113 78;...
                    127 101 68
                    103 101 77;...
                    117 100 70;...
                    119 103 73;...% 5
                    138 122 84;...
                    129 108 73;...
                    127 115 82;...
                    110 98 69;...
                    111 105 76;...
                    127 109 83;...% 7
                    153 123 107;...
                    127 104 82;...
                    123 95 74;...% 9
                    172 151 131;...
                    168 150 132;...
                    168 147 125;...
                    160 141 122;...
                    169 143 122;...
                    176 152 130;...
                    176 148 127;...
                    176 152 130;...
                    156 129 110;...
                    165 136 116;...
                    178 149 129;...
                    167 137 116;...
                    169 138 120;...
                    169 137 116;...
                    157 138 124;...
                    174 157 147;...
                    165 145 132;...
                    169 143 125;...% 11
                    89 86 42;...
                    81 77 38;...
                    90 87 45;...
                    120 108 71;...
                    112 103 68;...
                    79 73 39;...
                    125 104 70;...
                    104 88 47;...% 13
                    117 101 83;...
                    133 111 87;...
                    141 119 94;...
                    131 110 81;...
                    126 103 69;...
                    128 109 81;...
                    98 81 63;...% 15
                    174 152 131;...
                    164 143 119;...
                    156 137 116;...
                    144 126 106;...
                    163 146 120;...% 17
                    137 116 76;...
                    121 86 56;...
                    119 89 61;...
                    127 110 80;...
                    114 80 52;...% 19
                    112 94 71;...
                    96 86 58;...
                    104 89 64;...
                    70 78 53;...
                    75 73 53;...
                    105 88 63;...
                    75 70 56;...% 21 % disease kind 2 of leaf 
                    51 57 50;...
                    61 72 57;...
                    80 88 76;...
                    67 75 64;...
                    88 92 69;...
                    39 44 39;...
                    57 66 55;...% 1
                    68 82 59;...
                    64 77 53;...
                    50 57 50;...
                    56 67 51;...
                    78 87 64;...
                    62 71 56;...% 3
                    70 80 50;...
                    52 63 36;...
                    50 57 46;...
                    30 31 31;...
                    26 30 29;...
                    56 66 28;...% 5
                    76 91 63;...
                    58 65 50;...
                    71 81 66;...
                    56 61 57;...
                    75 81 71;...% 7
                    59 68 54;...
                    66 73 58;...
                    53 60 57;...
                    38 43 47;...
                    83 93 64;...
                    64 72 57;...
                    52 58 50;...% 9
                    62 75 55;...
                    78 92 67;...
                    72 87 66;...
                    124 132 91;...
                    79 92 64;...
                    85 94 66;...
                    58 69 57;...
                    77 91 65;...
                    73 88 67;...
                    67 80 62;...% 11
                    53 68 35;...
                    40 60 25;...
                    29 43 24;...
                    34 47 27;...% 13
                    61 69 52;...
                    60 69 50;...
                    70 70 39;...
                    65 75 51;...
                    56 55 53;...% 15
                    67 75 46;...
                    94 100 64;...
                    108 109 70;...
                    67 77 51;...
                    58 69 52;...
                    99 102 68;...% 17
                    54 72 46;...
                    57 76 46;...
                    53 72 40;...
                    58 76 48;...
                    48 63 41;...
                    55 69 46;...
                    54 68 46;...
                    89 97 67;...
                    88 94 67;...
                    55 68 45;...
                    65 79 53;...
                    40 53 30;...% 19
